n10: 0.00016015624999999998
n19: 0.000185546875
n2: 0.00016796875
n3: 0.00016796875
n344: 0.0001796875
n352: 0.00016601562499999998
n353: 0.000171875
n354: 0.00017578125
n362: 0.000169921875
n363: 0.000173828125
n371: 0.000185546875
